1500221
1500236
1500264
1500281
1500300
1500330
1500355
1500376
1500426
1500471
1500493
1500516
1500552
1500576
1100232
1100247
1100261
1100289
1100317
1100566
1101044
1101126
1102107
1102132
1102159
1109998
1500014
1500033
1500055
1500078
1500099
1500120
1500132
29999
1100014
1100036
109998
1100024
1100040
1100078
1100104
1100116
1100126
1100152
1100174
1100061
1100099
1100114
1100124
1100150
1100167
1100188
1100211
1100235
1100251
1100269
1100305
1100319
1100770
1101328
1102111
1102140
1102169
1500023
1500039
1500085
1500104
1500122
1500141
1100197
1100217
1500164
1500176
1500217
1500232
1500247
1500272
1500296
1500312
1500335
1500365
1500391
1500439
1500477
1500510
1500533
1500565
1500596
1500637
109999
1100025
1100041
1100079
1100109
1100117
1100130
1100156
1100176
1100198
1100218
1100207
1100230
1100245
1100260
1100287
1100316
1100517
1101033
1101125
1102105
1102131
1102158
1109997
1500013
1500031
1500052
1500076
1500098
1500114
29998
1500615
1500652
1500683
1500714
1500765
1500798
1500825
1500861
1500891
1500926
1500949
1500970
1100010
1100033
1100058
1100098
1100113
1100123
1100140
1100165
1100187
1100208
1500475
1500504
1500526
1500628
1500663
1500693
1500732
1500778
1500815
1500834
1500870
1500905
1500938
1500958
1500977
1500994
1501044
1501065
1501098
1501127
1501152
1100239
1100254
1100283
1100309
109995
1100019
1100037
1100077
1100100
1100115
1100125
1100151
1100172
1100191
1100216
1100236
1100252
1100281
1100308
1100320
1100951
1101067
1101479
1102114
1500986
1501000
1501023
1501059
1501069
1501089
1501107
1500151
1500160
1500172
1500208
1500224
1500239
1500267
1500282
1500303
1500332
1500356
1500384
1500427
1500473
1500500
1500517
1500555
1500616
1100234
1100249
1100268
1102150
1102170
1500002
1500024
1500044
1500062
1500090
1500105
1500123
1500144
1100393
1101004
1101076
1101550
1102115
1102152
1102195
1500003
1500027
1500046
1500092
1500108
1500126
1500145
29995
1100007
1100032
1100055
1100091
1100112
1100122
1100138
1100162
1100186
1100304
1100318
1100571
1101050
1101130
1102109
1102134
1102165
1109999
1500021
1500036
1500060
1500083
1500100
1500137
1500162
1500216
1500230
1500243
1500271
1500311
1500334
1500362
1500389
1801504
1801512
1801525
1801536
1801545
1801558
1801567
1801576
1801586
1801596
1801604
1801613
1801622
1801631
1801643
1801653
1801662
1801673
1801683
1801692
1801701
1801709
1801717
1801725
1801733
1801741
1801749